650
0
652
0
650
1
650
0
651
2
649
0
652
3
648
0
651
4
650
0
648
5
649
0
647
6
647
0
650
7
652
0
650
8
649
0
647
9
650
0
650
10
651
0
650
11
647
0
650
12
647
0
650
13
652
0
651
14
651
0
648
15
647
0
651
16
647
0
649
17
648
0
650
18
647
0
651
19
652
0
652
20
648
0
652
21
648
0
647
22
649
0
647
23
651
0
648
24
647
0
647
25
647
0
650
26
647
0
649
27
651
0
651
28
648
0
652
29
651
0
647
30
651
0
652
31
647
0
649
32
652
0
650
33
650
0
647
34
650
0
651
35
649
0
650
36
651
0
652
37
649
0
648
38
652
0
649
39
647
0
648
40
650
0
649
41
648
0
647
42
649
0
648
43
650
0
652
44
649
0
652
45
652
0
647
46
651
0
649
47
648
0
649
48
647
0
652
49
647
0
648
50
650
0
650
51
647
0
651
52
652
0
650
53
649
0
649
54
648
0
651
55
648
0
649
56
652
0
651
57
647
0
652
58
650
0
652
59
649
0
651
60
649
0
650
61
649
0
647
62
650
0
651
63
651
0
649
64
650
0
648
65
652
0
650
66
650
0
648
67
651
0
647
68
649
0
649
69
650
0
648
70
649
0
650
71
649
0
649
72
650
0
652
73
650
0
649
74
648
0
649
75
648
0
650
76
651
0
648
77
651
0
647
78
649
0
650
79
647
0
650
80
649
0
647
81
649
0
652
82
648
0
652
83
650
0
648
84
647
0
651
85
648
0
652
86
649
0
651
87
652
0
648
88
652
0
648
89
650
0
651
90
647
0
647
91
650
0
647
92
648
0
649
93
647
0
650
94
648
0
650
95
647
0
650
96
649
0
652
97
652
0
650
98
648
0
648
99
648
0
647
100
649
0
648
101
652
0
651
102
651
0
649
103
649
0
649
104
648
0
648
105
651
0
650
106
651
0
651
107
651
0
647
108
652
0
651
109
647
0
652
110
652
0
649
111
651
0
649
112
651
0
651
113
652
0
649
114
650
0
647
115
648
0
649
116
649
0
649
117
649
0
647
118
647
0
648
119
649
0
652
120
651
0
652
121
650
0
649
122
651
0
648
123
652
0
652
124
652
0
647
125
652
0
651
126
652
0
652
127
652
0
651
128
647
0
648
129
652
0
649
130
649
0
651
131
650
0
649
132
648
0
652
133
647
0
649
134
649
0
651
135
649
0
649
136
649
0
648
137
652
0
649
138
651
0
651
139
652
0
648
140
648
0
647
141
649
0
648
142
650
0
650
143
651
0
651
144
650
0
649
145
650
0
648
146
651
0
648
147
649
0
652
148
652
0
649
149
649
0
651
150
647
0
651
151
651
0
648
152
651
0
650
153
651
0
650
154
649
0
650
155
651
0
650
156
652
0
647
157
652
0
649
158
647
0
652
159
651
0
648
160
651
0
648
161
649
0
651
162
649
0
650
163
649
0
648
164
647
0
647
165
651
0
649
166
648
0
652
167
652
0
652
168
648
0
648
169
650
0
650
170
651
0
648
171
650
0
648
172
650
0
648
173
651
0
647
174
651
0
648
175
647
0
651
176
647
0
649
177
650
0
647
178
651
0
647
179
651
0
651
180
648
0
651
181
652
0
651
182
650
0
652
183
651
0
651
184
649
0
651
185
651
0
647
186
650
0
648
187
651
0
652
188
652
0
652
189
648
0
650
190
651
0
650
191
649
0
647
192
649
0
647
193
650
0
649
194
647
0
647
195
647
0
649
196
651
0
649
197
648
0
651
198
652
0
651
199
652
0
648
200
650
0
650
201
651
0
651
202
650
0
647
203
647
0
649
204
651
0
647
205
649
0
650
206
650
0
650
207
650
0
650
208
647
0
652
209
652
0
647
210
649
0
652
211
651
0
647
212
650
0
648
213
651
0
651
214
648
0
651
215
652
0
652
216
648
0
651
217
652
0
652
218
651
0
650
219
647
0
649
220
651
0
647
221
649
0
652
222
651
0
649
223
652
0
649
224
648
0
652
225
652
0
649
226
651
0
650
227
649
0
652
228
648
0
649
229
649
0
652
230
647
0
651
231
651
0
650
232
651
0
650
233
647
0
647
234
651
0
648
235
651
0
650
236
652
0
647
237
647
0
648
238
651
0
652
239
647
0
652
240
652
0
649
241
650
0
651
242
650
0
650
243
651
0
652
244
648
0
650
245
648
0
647
246
651
0
648
247
648
0
649
248
648
0
652
249
649
0
650
250
647
0
650
251
652
0
648
252
651
0
652
253
651
0
647
254
648
0
647
255
652
0
650
256
651
0
649
257
648
0
650
258
650
0
647
259
651
0
648
260
651
0
652
261
647
0
649
262
648
0
649
263
648
0
650
264
651
0
648
265
651
0
651
266
648
0
649
267
650
0
652
268
649
0
650
269
649
0
652
270
650
0
648
271
647
0
649
272
652
0
648
273
651
0
652
274
652
0
649
275
651
0
648
276
648
0
647
277
652
0
648
278
648
0
651
279
648
0
647
280
650
0
652
281
647
0
649
282
650
0
647
283
651
0
649
284
647
0
652
285
648
0
648
286
648
0
649
287
652
0
652
288
652
0
651
289
647
0
652
290
652
0
648
291
648
0
648
292
648
0
648
293
651
0
651
294
648
0
647
295
647
0
648
296
647
0
648
297
650
0
648
298
651
0
649
299
651
0
648
300
652
0
651
301
652
0
648
302
651
0
652
303
648
0
651
304
647
0
651
305
649
0
652
306
647
0
648
307
652
0
649
308
652
0
652
309
649
0
648
310
648
0
647
311
652
0
648
312
652
0
650
313
652
0
652
314
647
0
647
315
652
0
651
316
651
0
652
317
652
0
649
318
652
0
648
319
651
0
650
320
651
0
651
321
650
0
649
322
647
0
648
323
647
0
648
324
647
0
652
325
650
0
651
326
649
0
651
327
651
0
652
328
649
0
649
329
652
0
647
330
652
0
652
331
652
0
648
332
651
0
652
333
652
0
651
334
648
0
652
335
647
0
648
336
647
0
648
337
652
0
647
338
652
0
652
339
651
0
650
340
647
0
648
341
652
0
651
342
649
0
649
343
648
0
647
344
652
0
651
345
650
0
648
346
649
0
650
347
652
0
647
348
648
0
648
349
647
0
652
350
647
0
650
351
651
0
649
352
647
0
647
353
650
0
652
354
652
0
647
355
647
0
649
356
651
0
647
357
651
0
647
358
652
0
648
359
649
0
652
360
650
0
652
361
648
0
648
362
650
0
650
363
651
0
650
364
650
0
650
365
647
0
651
366
652
0
647
367
648
0
652
368
652
0
647
369
652
0
650
370
650
0
652
371
648
0
649
372
652
0
649
373
649
0
649
374
649
0
647
375
650
0
649
376
650
0
647
377
651
0
647
378
650
0
651
379
650
0
651
380
649
0
652
381
650
0
648
382
652
0
647
383
648
0
650
384
648
0
649
385
652
0
648
386
650
0
652
387
651
0
652
388
648
0
652
389
649
0
648
390
648
0
652
391
650
0
649
392
651
0
650
393
649
0
647
394
649
0
648
395
648
0
650
396
648
0
650
397
650
0
650
398
652
0
650
399
648
0
648
400
650
0
650
401
647
0
650
402
649
0
650
403
650
0
647
404
650
0
649
405
650
0
650
406
647
0
647
407
649
0
649
408
649
0
652
409
649
0
648
410
648
0
652
411
650
0
651
412
649
0
652
413
648
0
647
414
652
0
650
415
649
0
647
416
647
0
650
417
648
0
652
418
647
0
649
419
648
0
647
420
652
0
652
421
649
0
647
422
648
0
652
423
650
0
648
424
648
0
648
425
650
0
651
426
651
0
648
427
648
0
651
428
651
0
648
429
652
0
647
430
647
0
648
431
650
0
648
432
648
0
651
433
650
0
648
434
650
0
650
435
647
0
649
436
649
0
652
437
652
0
650
438
649
0
652
439
652
0
652
440
649
0
651
441
650
0
651
442
652
0
649
443
652
0
651
444
652
0
650
445
649
0
650
446
652
0
649
447
648
0
650
448
649
0
647
449
652
0
648
450
647
0
649
451
652
0
652
452
648
0
651
453
652
0
648
454
651
0
649
455
648
0
651
456
652
0
649
457
647
0
649
458
651
0
652
459
648
0
652
460
649
0
647
461
649
0
649
462
647
0
650
463
651
0
650
464
647
0
651
465
649
0
652
466
648
0
651
467
649
0
647
468
648
0
647
469
652
0
650
470
648
0
647
471
649
0
649
472
651
0
648
473
651
0
651
474
649
0
649
475
649
0
650
476
652
0
650
477
649
0
647
478
650
0
648
479
652
0
647
480
648
0
651
481
651
0
650
482
647
0
649
483
647
0
647
484
647
0
649
485
649
0
650
486
649
0
649
487
652
0
650
488
652
0
650
489
649
0
651
490
647
0
649
491
647
0
648
492
650
0
647
493
650
0
651
494
651
0
647
495
648
0
650
496
649
0
649
497
647
0
651
498
652
0
650
499
648
0
351
0
351
0
351
1
349
0
352
2
349
0
350
3
348
0
347
4
347
0
347
5
352
0
352
6
351
0
351
7
352
0
349
8
351
0
351
9
350
0
348
10
348
0
350
11
347
0
348
12
350
0
350
13
347
0
351
14
350
0
350
15
352
0
352
16
347
0
349
17
348
0
352
18
350
0
349
19
350
0
351
20
352
0
349
21
347
0
351
22
352
0
349
23
351
0
352
24
348
0
350
25
352
0
349
26
349
0
349
27
348
0
347
28
347
0
350
29
351
0
352
30
348
0
347
31
348
0
349
32
352
0
350
33
348
0
352
34
352
0
352
35
351
0
348
36
352
0
348
37
350
0
349
38
350
0
350
39
352
0
347
40
348
0
349
41
349
0
351
42
347
0
352
43
352
0
349
44
352
0
349
45
351
0
348
46
352
0
351
47
349
0
352
48
352
0
351
49
350
0
350
50
350
0
348
51
351
0
350
52
351
0
352
53
347
0
349
54
347
0
347
55
352
0
348
56
350
0
350
57
352
0
351
58
348
0
351
59
348
0
348
60
351
0
350
61
350
0
352
62
352
0
347
63
352
0
351
64
347
0
351
65
348
0
347
66
351
0
349
67
351
0
351
68
352
0
349
69
351
0
349
70
348
0
351
71
348
0
347
72
349
0
347
73
352
0
350
74
347
0
348
75
351
0
348
76
349
0
351
77
347
0
351
78
348
0
351
79
352
0
348
80
347
0
347
81
349
0
352
82
348
0
350
83
349
0
349
84
349
0
348
85
349
0
350
86
351
0
349
87
349
0
351
88
348
0
347
89
348
0
350
90
347
0
351
91
347
0
351
92
349
0
347
93
350
0
348
94
350
0
348
95
350
0
347
96
351
0
348
97
348
0
351
98
348
0
348
99
349
0
351
100
349
0
352
101
350
0
351
102
348
0
351
103
350
0
351
104
351
0
348
105
348
0
350
106
350
0
349
107
347
0
351
108
352
0
347
109
351
0
348
110
352
0
352
111
348
0
352
112
351
0
350
113
352
0
347
114
347
0
348
115
349
0
349
116
350
0
348
117
347
0
351
118
352
0
351
119
350
0
352
120
350
0
350
121
350
0
348
122
348
0
347
123
350
0
352
124
349
0
347
125
348
0
347
126
350
0
347
127
352
0
349
128
352
0
350
129
351
0
352
130
347
0
352
131
348
0
349
132
347
0
347
133
347
0
348
134
352
0
352
135
348
0
352
136
349
0
347
137
348
0
350
138
347
0
351
139
351
0
349
140
351
0
350
141
348
0
351
142
350
0
347
143
350
0
350
144
350
0
350
145
350
0
347
146
348
0
348
147
348
0
352
148
352
0
352
149
348
0
349
150
349
0
349
151
350
0
348
152
352
0
349
153
348
0
351
154
351
0
351
155
350
0
350
156
351
0
352
157
351
0
347
158
348
0
351
159
348
0
349
160
348
0
352
161
350
0
347
162
351
0
347
163
352
0
348
164
351
0
352
165
352
0
351
166
347
0
348
167
350
0
350
168
348
0
348
169
349
0
351
170
350
0
347
171
352
0
351
172
350
0
352
173
352
0
352
174
347
0
349
175
350
0
351
176
349
0
349
177
350
0
348
178
351
0
347
179
349
0
347
180
351
0
348
181
352
0
347
182
348
0
349
183
347
0
347
184
349
0
352
185
347
0
352
186
352
0
352
187
350
0
350
188
349
0
349
189
348
0
352
190
347
0
352
191
350
0
349
192
352
0
347
193
351
0
350
194
352
0
350
195
348
0
349
196
347
0
350
197
352
0
351
198
350
0
350
199
351
0
351
200
351
0
349
201
352
0
350
202
348
0
347
203
348
0
351
204
347
0
350
205
347
0
347
206
352
0
348
207
347
0
348
208
352
0
348
209
350
0
352
210
352
0
352
211
348
0
350
212
350
0
347
213
348
0
348
214
349
0
349
215
352
0
351
216
349
0
350
217
347
0
350
218
347
0
350
219
349
0
351
220
350
0
349
221
350
0
349
222
348
0
349
223
352
0
347
224
350
0
352
225
351
0
349
226
350
0
348
227
350
0
351
228
352
0
349
229
347
0
348
230
350
0
350
231
347
0
348
232
352
0
347
233
348
0
348
234
349
0
348
235
348
0
348
236
350
0
351
237
350
0
350
238
352
0
348
239
349
0
350
240
351
0
349
241
349
0
350
242
349
0
351
243
352
0
352
244
352
0
351
245
352
0
349
246
347
0
352
247
350
0
351
248
351
0
349
249
349
0
349
250
347
0
350
251
352
0
350
252
349
0
351
253
350
0
347
254
350
0
351
255
347
0
352
256
348
0
349
257
350
0
347
258
350
0
351
259
347
0
348
260
347
0
349
261
347
0
348
262
348
0
347
263
349
0
351
264
352
0
349
265
352
0
348
266
351
0
347
267
350
0
348
268
347
0
350
269
351
0
348
270
349
0
350
271
349
0
348
272
351
0
347
273
349
0
350
274
351
0
347
275
350
0
347
276
352
0
351
277
351
0
347
278
352
0
351
279
348
0
352
280
349
0
347
281
352
0
347
282
351
0
348
283
349
0
349
284
351
0
351
285
349
0
351
286
347
0
352
287
352
0
348
288
348
0
351
289
348
0
347
290
348
0
348
291
351
0
352
292
352
0
352
293
350
0
351
294
348
0
352
295
349
0
352
296
352
0
352
297
351
0
348
298
347
0
349
299
350
0
352
300
350
0
352
301
350
0
351
302
347
0
348
303
347
0
349
304
350
0
350
305
350
0
348
306
352
0
348
307
347
0
351
308
352
0
351
309
348
0
352
310
349
0
350
311
348
0
348
312
351
0
348
313
347
0
350
314
348
0
350
315
352
0
351
316
349
0
352
317
347
0
348
318
350
0
347
319
348
0
351
320
350
0
350
321
348
0
352
322
347
0
350
323
349
0
351
324
352
0
347
325
348
0
352
326
350
0
352
327
349
0
352
328
349
0
351
329
349
0
350
330
351
0
350
331
351
0
350
332
351
0
350
333
351
0
349
334
351
0
347
335
348
0
352
336
350
0
348
337
348
0
348
338
348
0
347
339
347
0
350
340
348
0
350
341
349
0
348
342
351
0
352
343
349
0
350
344
349
0
351
345
348
0
349
346
347
0
347
347
347
0
347
348
348
0
352
349
347
0
352
350
347
0
349
351
352
0
352
352
350
0
348
353
352
0
348
354
347
0
349
355
349
0
349
356
352
0
348
357
348
0
350
358
347
0
351
359
350
0
348
360
352
0
348
361
352
0
347
362
347
0
349
363
350
0
348
364
348
0
349
365
352
0
351
366
349
0
350
367
347
0
348
368
352
0
347
369
351
0
350
370
350
0
349
371
352
0
350
372
347
0
349
373
352
0
352
374
349
0
352
375
351
0
352
376
351
0
351
377
347
0
350
378
352
0
352
379
349
0
350
380
349
0
348
381
351
0
351
382
352
0
348
383
348
0
347
384
352
0
350
385
351
0
350
386
351
0
347
387
349
0
350
388
349
0
347
389
347
0
351
390
349
0
350
391
352
0
349
392
349
0
348
393
351
0
350
394
351
0
348
395
352
0
350
396
351
0
352
397
347
0
352
398
350
0
351
399
351
0
350
400
347
0
351
401
350
0
352
402
349
0
348
403
347
0
351
404
352
0
350
405
349
0
350
406
350
0
348
407
347
0
350
408
352
0
350
409
347
0
350
410
347
0
350
411
347
0
352
412
352
0
347
413
351
0
348
414
349
0
352
415
351
0
347
416
347
0
352
417
352
0
350
418
347
0
352
419
347
0
348
420
352
0
347
421
351
0
351
422
347
0
349
423
347
0
351
424
347
0
351
425
351
0
350
426
352
0
350
427
349
0
350
428
350
0
347
429
349
0
347
430
352
0
352
431
352
0
347
432
352
0
351
433
352
0
349
434
351
0
348
435
348
0
348
436
350
0
350
437
352
0
352
438
349
0
347
439
348
0
348
440
350
0
350
441
347
0
350
442
351
0
349
443
348
0
349
444
351
0
347
445
350
0
348
446
351
0
350
447
348
0
352
448
349
0
352
449
349
0
347
450
351
0
349
451
352
0
347
452
347
0
351
453
347
0
351
454
350
0
349
455
351
0
351
456
348
0
351
457
349
0
351
458
349
0
352
459
351
0
351
460
349
0
350
461
349
0
350
462
350
0
351
463
348
0
347
464
352
0
348
465
348
0
351
466
347
0
351
467
349
0
348
468
348
0
347
469
350
0
350
470
347
0
352
471
352
0
348
472
352
0
352
473
349
0
348
474
352
0
349
475
351
0
352
476
350
0
347
477
350
0
349
478
351
0
349
479
350
0
352
480
352
0
347
481
347
0
351
482
348
0
349
483
347
0
348
484
349
0
348
485
350
0
352
486
351
0
350
487
352
0
352
488
348
0
349
489
349
0
350
490
347
0
347
491
350
0
349
492
347
0
348
493
349
0
350
494
348
0
351
495
348
0
352
496
351
0
351
497
349
0
348
498
351
0
347
499
348
1
