652
0
0
649
1
0
649
2
0
648
3
0
648
4
0
650
5
0
652
6
0
647
7
0
649
8
0
651
9
0
647
10
0
649
11
0
648
12
0
647
13
0
652
14
0
651
15
0
649
16
0
650
17
0
650
18
0
650
19
0
649
20
0
650
21
0
649
22
0
651
23
0
652
24
0
651
25
0
652
26
0
650
27
0
651
28
0
652
29
0
651
30
0
649
31
0
652
32
0
649
33
0
650
34
0
648
35
0
650
36
0
648
37
0
652
38
0
650
39
0
648
40
0
652
41
0
647
42
0
651
43
0
650
44
0
648
45
0
652
46
0
652
47
0
650
48
0
649
49
0
650
50
0
652
51
0
647
52
0
649
53
0
648
54
0
651
55
0
651
56
0
647
57
0
648
58
0
647
59
0
651
60
0
652
61
0
650
62
0
648
63
0
649
64
0
647
65
0
650
66
0
648
67
0
651
68
0
649
69
0
652
70
0
647
71
0
651
72
0
651
73
0
652
74
0
652
75
0
647
76
0
648
77
0
651
78
0
652
79
0
648
80
0
647
81
0
652
82
0
652
83
0
652
84
0
649
85
0
651
86
0
650
87
0
652
88
0
651
89
0
651
90
0
649
91
0
650
92
0
652
93
0
650
94
0
647
95
0
647
96
0
649
97
0
648
98
0
648
99
0
649
100
0
647
101
0
650
102
0
650
103
0
651
104
0
652
105
0
650
106
0
648
107
0
650
108
0
647
109
0
650
110
0
648
111
0
651
112
0
651
113
0
647
114
0
651
115
0
650
116
0
650
117
0
650
118
0
650
119
0
649
120
0
649
121
0
650
122
0
650
123
0
651
124
0
651
125
0
652
126
0
652
127
0
648
128
0
648
129
0
649
130
0
650
131
0
650
132
0
648
133
0
647
134
0
648
135
0
651
136
0
652
137
0
652
138
0
652
139
0
652
140
0
652
141
0
649
142
0
650
143
0
648
144
0
647
145
0
652
146
0
652
147
0
650
148
0
651
149
0
647
150
0
648
151
0
652
152
0
649
153
0
648
154
0
650
155
0
652
156
0
652
157
0
649
158
0
648
159
0
651
160
0
650
161
0
650
162
0
647
163
0
650
164
0
650
165
0
647
166
0
651
167
0
651
168
0
647
169
0
650
170
0
649
171
0
650
172
0
647
173
0
649
174
0
649
175
0
652
176
0
648
177
0
649
178
0
648
179
0
650
180
0
647
181
0
647
182
0
652
183
0
649
184
0
647
185
0
652
186
0
651
187
0
647
188
0
650
189
0
651
190
0
647
191
0
651
192
0
649
193
0
649
194
0
652
195
0
648
196
0
648
197
0
649
198
0
651
199
0
651
200
0
648
201
0
650
202
0
649
203
0
651
204
0
652
205
0
648
206
0
649
207
0
650
208
0
652
209
0
652
210
0
649
211
0
648
212
0
650
213
0
647
214
0
648
215
0
649
216
0
648
217
0
647
218
0
649
219
0
648
220
0
650
221
0
648
222
0
649
223
0
650
224
0
648
225
0
648
226
0
650
227
0
648
228
0
649
229
0
648
230
0
647
231
0
649
232
0
648
233
0
648
234
0
651
235
0
650
236
0
648
237
0
649
238
0
648
239
0
651
240
0
648
241
0
648
242
0
650
243
0
651
244
0
648
245
0
648
246
0
650
247
0
648
248
0
648
249
0
649
250
0
651
251
0
650
252
0
650
253
0
651
254
0
652
255
0
647
256
0
650
257
0
647
258
0
650
259
0
651
260
0
651
261
0
648
262
0
650
263
0
650
264
0
647
265
0
650
266
0
652
267
0
650
268
0
648
269
0
648
270
0
647
271
0
651
272
0
651
273
0
648
274
0
650
275
0
652
276
0
652
277
0
651
278
0
652
279
0
651
280
0
652
281
0
650
282
0
652
283
0
648
284
0
652
285
0
650
286
0
647
287
0
650
288
0
650
289
0
649
290
0
652
291
0
647
292
0
652
293
0
651
294
0
647
295
0
648
296
0
652
297
0
651
298
0
650
299
0
647
300
0
648
301
0
647
302
0
652
303
0
650
304
0
651
305
0
650
306
0
648
307
0
650
308
0
647
309
0
647
310
0
652
311
0
647
312
0
652
313
0
649
314
0
650
315
0
651
316
0
648
317
0
648
318
0
651
319
0
651
320
0
648
321
0
651
322
0
652
323
0
650
324
0
647
325
0
651
326
0
649
327
0
647
328
0
649
329
0
647
330
0
651
331
0
651
332
0
649
333
0
647
334
0
647
335
0
650
336
0
652
337
0
647
338
0
648
339
0
649
340
0
647
341
0
648
342
0
649
343
0
652
344
0
649
345
0
649
346
0
650
347
0
649
348
0
652
349
0
648
350
0
650
351
0
648
352
0
647
353
0
651
354
0
651
355
0
648
356
0
648
357
0
651
358
0
649
359
0
652
360
0
651
361
0
651
362
0
647
363
0
651
364
0
649
365
0
649
366
0
651
367
0
648
368
0
648
369
0
649
370
0
647
371
0
650
372
0
651
373
0
647
374
0
652
375
0
647
376
0
649
377
0
648
378
0
652
379
0
650
380
0
649
381
0
649
382
0
647
383
0
651
384
0
652
385
0
650
386
0
649
387
0
652
388
0
652
389
0
650
390
0
652
391
0
648
392
0
647
393
0
650
394
0
652
395
0
648
396
0
649
397
0
650
398
0
647
399
0
651
400
0
647
401
0
652
402
0
651
403
0
651
404
0
651
405
0
648
406
0
651
407
0
652
408
0
647
409
0
647
410
0
647
411
0
651
412
0
647
413
0
651
414
0
647
415
0
650
416
0
651
417
0
648
418
0
652
419
0
647
420
0
648
421
0
648
422
0
650
423
0
650
424
0
649
425
0
648
426
0
650
427
0
647
428
0
649
429
0
647
430
0
647
431
0
648
432
0
649
433
0
652
434
0
647
435
0
651
436
0
651
437
0
648
438
0
650
439
0
651
440
0
651
441
0
647
442
0
651
443
0
648
444
0
651
445
0
651
446
0
650
447
0
650
448
0
648
449
0
650
450
0
651
451
0
649
452
0
649
453
0
649
454
0
648
455
0
647
456
0
650
457
0
648
458
0
652
459
0
649
460
0
649
461
0
650
462
0
649
463
0
649
464
0
652
465
0
647
466
0
647
467
0
647
468
0
649
469
0
650
470
0
652
471
0
652
472
0
651
473
0
651
474
0
652
475
0
651
476
0
652
477
0
648
478
0
650
479
0
647
480
0
649
481
0
649
482
0
647
483
0
647
484
0
650
485
0
650
486
0
649
487
0
647
488
0
652
489
0
648
490
0
649
491
0
648
492
0
650
493
0
652
494
0
648
495
0
649
496
0
650
497
0
648
498
0
651
499
0
347
0
0
349
1
0
348
2
0
351
3
0
349
4
0
351
5
0
349
6
0
350
7
0
349
8
0
350
9
0
352
10
0
348
11
0
350
12
0
352
13
0
348
14
0
348
15
0
352
16
0
351
17
0
347
18
0
352
19
0
348
20
0
352
21
0
348
22
0
351
23
0
348
24
0
351
25
0
349
26
0
351
27
0
347
28
0
349
29
0
349
30
0
347
31
0
351
32
0
352
33
0
348
34
0
351
35
0
347
36
0
350
37
0
350
38
0
352
39
0
348
40
0
349
41
0
348
42
0
351
43
0
351
44
0
350
45
0
352
46
0
347
47
0
352
48
0
349
49
0
352
50
0
349
51
0
352
52
0
352
53
0
352
54
0
351
55
0
352
56
0
351
57
0
352
58
0
348
59
0
347
60
0
348
61
0
348
62
0
347
63
0
352
64
0
347
65
0
351
66
0
350
67
0
351
68
0
348
69
0
348
70
0
348
71
0
350
72
0
349
73
0
350
74
0
352
75
0
351
76
0
348
77
0
352
78
0
349
79
0
347
80
0
352
81
0
352
82
0
349
83
0
348
84
0
351
85
0
347
86
0
352
87
0
348
88
0
351
89
0
347
90
0
351
91
0
347
92
0
352
93
0
352
94
0
349
95
0
348
96
0
349
97
0
351
98
0
351
99
0
351
100
0
350
101
0
352
102
0
352
103
0
352
104
0
351
105
0
351
106
0
350
107
0
347
108
0
350
109
0
349
110
0
347
111
0
348
112
0
347
113
0
351
114
0
352
115
0
347
116
0
347
117
0
352
118
0
348
119
0
347
120
0
351
121
0
352
122
0
352
123
0
352
124
0
347
125
0
351
126
0
348
127
0
350
128
0
348
129
0
349
130
0
350
131
0
349
132
0
348
133
0
352
134
0
350
135
0
352
136
0
349
137
0
351
138
0
350
139
0
348
140
0
347
141
0
352
142
0
350
143
0
352
144
0
349
145
0
347
146
0
347
147
0
348
148
0
351
149
0
347
150
0
347
151
0
351
152
0
348
153
0
352
154
0
347
155
0
348
156
0
348
157
0
349
158
0
352
159
0
349
160
0
351
161
0
352
162
0
351
163
0
350
164
0
352
165
0
349
166
0
347
167
0
352
168
0
350
169
0
352
170
0
349
171
0
348
172
0
350
173
0
351
174
0
351
175
0
349
176
0
351
177
0
349
178
0
352
179
0
348
180
0
350
181
0
347
182
0
351
183
0
350
184
0
348
185
0
347
186
0
352
187
0
347
188
0
347
189
0
348
190
0
348
191
0
348
192
0
347
193
0
349
194
0
347
195
0
350
196
0
351
197
0
349
198
0
352
199
0
348
200
0
350
201
0
351
202
0
350
203
0
347
204
0
347
205
0
352
206
0
351
207
0
350
208
0
348
209
0
347
210
0
351
211
0
350
212
0
350
213
0
349
214
0
352
215
0
348
216
0
352
217
0
347
218
0
352
219
0
347
220
0
349
221
0
351
222
0
349
223
0
347
224
0
351
225
0
347
226
0
347
227
0
348
228
0
350
229
0
349
230
0
350
231
0
348
232
0
350
233
0
352
234
0
348
235
0
352
236
0
351
237
0
348
238
0
350
239
0
350
240
0
348
241
0
347
242
0
350
243
0
348
244
0
350
245
0
351
246
0
351
247
0
352
248
0
348
249
0
347
250
0
351
251
0
350
252
0
352
253
0
352
254
0
348
255
0
347
256
0
351
257
0
349
258
0
348
259
0
352
260
0
349
261
0
347
262
0
352
263
0
350
264
0
351
265
0
351
266
0
352
267
0
348
268
0
349
269
0
348
270
0
349
271
0
350
272
0
348
273
0
347
274
0
347
275
0
348
276
0
348
277
0
350
278
0
350
279
0
349
280
0
348
281
0
347
282
0
347
283
0
349
284
0
347
285
0
351
286
0
351
287
0
347
288
0
351
289
0
351
290
0
350
291
0
347
292
0
351
293
0
350
294
0
350
295
0
347
296
0
350
297
0
349
298
0
349
299
0
352
300
0
349
301
0
349
302
0
347
303
0
349
304
0
350
305
0
348
306
0
347
307
0
347
308
0
352
309
0
352
310
0
351
311
0
350
312
0
348
313
0
352
314
0
348
315
0
350
316
0
348
317
0
350
318
0
350
319
0
352
320
0
350
321
0
351
322
0
348
323
0
349
324
0
348
325
0
348
326
0
349
327
0
347
328
0
348
329
0
347
330
0
348
331
0
350
332
0
347
333
0
347
334
0
352
335
0
347
336
0
348
337
0
350
338
0
347
339
0
350
340
0
352
341
0
348
342
0
347
343
0
348
344
0
347
345
0
349
346
0
349
347
0
347
348
0
350
349
0
352
350
0
349
351
0
350
352
0
347
353
0
351
354
0
352
355
0
352
356
0
351
357
0
347
358
0
347
359
0
349
360
0
349
361
0
347
362
0
347
363
0
350
364
0
350
365
0
350
366
0
347
367
0
352
368
0
347
369
0
350
370
0
351
371
0
351
372
0
351
373
0
351
374
0
349
375
0
349
376
0
351
377
0
349
378
0
350
379
0
351
380
0
351
381
0
349
382
0
347
383
0
347
384
0
350
385
0
349
386
0
348
387
0
350
388
0
347
389
0
348
390
0
349
391
0
349
392
0
347
393
0
350
394
0
350
395
0
348
396
0
352
397
0
349
398
0
349
399
0
351
400
0
348
401
0
352
402
0
352
403
0
352
404
0
351
405
0
347
406
0
349
407
0
347
408
0
352
409
0
349
410
0
352
411
0
351
412
0
348
413
0
347
414
0
349
415
0
348
416
0
347
417
0
351
418
0
350
419
0
352
420
0
351
421
0
347
422
0
347
423
0
351
424
0
352
425
0
347
426
0
351
427
0
349
428
0
352
429
0
351
430
0
349
431
0
348
432
0
349
433
0
351
434
0
352
435
0
348
436
0
347
437
0
352
438
0
351
439
0
348
440
0
352
441
0
347
442
0
347
443
0
347
444
0
352
445
0
350
446
0
347
447
0
351
448
0
350
449
0
352
450
0
348
451
0
350
452
0
348
453
0
349
454
0
351
455
0
348
456
0
352
457
0
348
458
0
350
459
0
347
460
0
347
461
0
352
462
0
350
463
0
348
464
0
351
465
0
347
466
0
349
467
0
352
468
0
348
469
0
349
470
0
350
471
0
348
472
0
350
473
0
351
474
0
352
475
0
352
476
0
352
477
0
348
478
0
351
479
0
347
480
0
351
481
0
349
482
0
350
483
0
347
484
0
348
485
0
349
486
0
351
487
0
349
488
0
351
489
0
351
490
0
350
491
0
350
492
0
349
493
0
347
494
0
349
495
0
347
496
0
348
497
0
349
498
0
347
499
1
